 0.083152311	
 0.080276457	
 0.080473345	
 0.083775083	
 0.082331637	
 0.082678827	
 0.061274706	
 0.061174277	
 0.062167385	
 0.062332067	
 0.062589612	
 0.061869578	
 0.061716439	
 0.063323604	
 0.067584014	
 0.062654569	
 0.064152481	
 0.063826305	
 0.078449352	
 0.075045025	
 0.065155526	
 0.061149136	
 0.094941657	
 0.094338309	
 0.094948682	
 0.093031152	
 0.071647165	
  0.07231888	
 0.070214567	
 0.073412364	
 0.009659929	
0.0088514236	
0.0090527372	
0.0088930022	
0.0097765143	
0.0097723218	
 0.009767331	
0.0097622169	
 0.009766301	
0.0097675146	
0.0098162478	
0.0098153875	
0.0098135577	
0.0083188556	
0.0097090003	
0.0097115177	
0.0089901709	
0.0092379695	
0.0085012896	
0.0083869938	
0.0073492748	
 0.009530154	
0.0093594614	
0.0090949301	
0.0097246245	
0.0076286012	
0.0075563999	
0.0090334392	
0.0091542208	
0.0096993392	
0.0093498249	
0.0097166896	
0.0097166896	
0.0090878465	
 0.009659258	
0.0097227497	
0.0097227497	
0.0091126877	
0.0097034638	
0.0092574434	
  0.00928869	
0.0096256786	
0.0096445601	
 0.009641854	
0.0094641503	
0.0088702309	
0.0088203344	
0.0096546164	
0.0093551493	
0.0081974193	
0.0094225298	
0.0093354163	
0.0093657834	
 0.009240815	
0.0093042478	
0.0081181758	
0.0088949599	
0.0089416758	
0.0093013234	
0.0091949796	
0.0091537364	
0.0098865701	
0.0096209027	
0.0094561117	
0.0096933498	
0.0097184627	
0.0095368422	
0.0093581034	
 0.009561862	
0.0096069512	
0.0094012308	
0.0097986366	
0.0097993615	
0.0096445274	
0.0096401042	
0.0098021537	
0.0097938561	
0.0092304577	
0.0097889582	
0.0097976767	
0.0096474084	
 0.009788738	
0.0098132025	
0.0098161679	
0.0098355657	
0.0098357681	
0.0098357681	
0.0098433903	
0.0097115865	
0.0094113818	
0.0098364569	
0.0098360905	
0.0098355177	
0.0098313493	
0.0098326249	
0.0096539959	
0.0096983441	
0.0098342754	
0.0098331499	
0.0097090003	
0.0097115177	
0.0097118625	
 0.009692486	
0.0097030486	
 0.009530154	
0.0097119163	
0.0097246245	
0.0090003222	
0.0090543898	
0.0093956013	
0.0088901215	
0.0097210922	
0.0094804661	
0.0095303694	
0.0096993392	
0.0096595093	
0.0097166896	
0.0096941534	
 0.009659258	
0.0097227497	
0.0091126877	
0.0097034638	
0.0095651032	
0.0095137248	
0.0095512215	
0.0096256786	
0.0093752067	
0.0096445601	
 0.009641854	
0.0095643937	
0.0094641503	
0.0093857359	
0.0096546164	
0.0096506131	
0.0096514975	
0.0096338453	
0.0094225298	
0.0095560211	
0.0096278936	
0.0096285093	
 0.009240815	
0.0093042478	
0.0092269516	
0.0092157628	
0.0092403392	
0.0092913017	
0.0090770416	
0.0090792512	
0.0093013234	
0.0095529343	
0.0098865701	
0.0096209027	
 0.009498513	
0.0096295615	
0.0096441208	
0.0096448675	
0.0096933498	
0.0097184627	
0.0095368422	
0.0096533242	
0.0093635218	
0.0097062898	
0.0095702959	
 0.009561862	
0.0096069512	
0.0094012308	
0.0097632814	
0.0097873533	
0.0097683056	
0.0097986366	
0.0097993615	
0.0097690532	
0.0097940255	
0.0097655658	
0.0097908964	
0.0098021537	
0.0097938561	
0.0097965571	
0.0097598597	
0.0096470159	
  0.00978489	
0.0096046552	
0.0097889582	
0.0097976767	
0.0097890085	
0.0096474084	
 0.009788738	
 0.009820055	
0.0098132025	
0.0098140676	
0.0098161679	
0.0098355657	
0.0098357681	
0.0098293081	
0.0098187521	
0.0098083063	
0.0098433903	
0.0098159916	
0.0098188458	
0.0098364569	
0.0098360905	
 0.009818596	
 0.009833994	
0.0098355177	
0.0098313493	
0.0098326249	
0.0098191738	
 0.009837808	
0.0098342754	
0.0098344052	
0.0098315046	
0.0098331499	
0.0098361345	
0.0098162974	
 0.009659929	
0.0088514236	
0.0090527372	
0.0088930022	
0.0097765143	
0.0097723218	
 0.009767331	
0.0097622169	
 0.009766301	
0.0097675146	
0.0098162478	
0.0098153875	
0.0098135577	
0.0083188556	
0.0097090003	
0.0097115177	
0.0089901709	
0.0092379695	
0.0092350663	
0.0083869938	
0.0073492748	
 0.009530154	
0.0093594614	
0.0090949301	
0.0097246245	
0.0089347649	
0.0086945473	
0.0090334392	
0.0091542208	
0.0096993392	
0.0096514975	
0.0097166896	
0.0097166896	
0.0090878465	
0.0097227497	
0.0097227497	
0.0091126877	
0.0097034638	
 0.009833994	
  0.00928869	
0.0096256786	
0.0096445601	
 0.009641854	
0.0094641503	
 0.009152656	
0.0090378205	
0.0096546164	
0.0093551493	
0.0090585874	
0.0094225298	
0.0093657834	
 0.009240815	
0.0093042478	
0.0091628076	
0.0088949599	
0.0097976767	
0.0093013234	
0.0098361345	
0.0091537364	
0.0098865701	
0.0096209027	
0.0094561117	
0.0096933498	
0.0097184627	
0.0095368422	
 0.009561862	
0.0096069512	
0.0097986366	
0.0097993615	
0.0096445274	
0.0096401042	
0.0098021537	
0.0097938561	
0.0093755456	
0.0097889582	
0.0097976767	
0.0096474084	
 0.009788738	
0.0098355657	
0.0098357681	
0.0098357681	
0.0098433903	
0.0097115865	
0.0097024804	
0.0098364569	
0.0098360905	
0.0098355177	
0.0098313493	
0.0098326249	
0.0096983441	
0.0098342754	
0.0098331499	
0.0097090003	
0.0097115177	
0.0097118625	
 0.009692486	
0.0097030486	
 0.009530154	
0.0097119163	
0.0097246245	
0.0090003222	
0.0090543898	
0.0093956013	
0.0088901215	
0.0097210922	
0.0094804661	
0.0095303694	
0.0096993392	
0.0096595093	
0.0097166896	
0.0096941534	
 0.009659258	
0.0097227497	
0.0091126877	
0.0097034638	
0.0095651032	
0.0095137248	
0.0095512215	
0.0096256786	
0.0093752067	
0.0096445601	
 0.009641854	
0.0095643937	
0.0094641503	
0.0093857359	
0.0096546164	
0.0096506131	
0.0096514975	
0.0096338453	
0.0094225298	
0.0095560211	
0.0096278936	
0.0096285093	
 0.009240815	
0.0093042478	
0.0092269516	
0.0092157628	
0.0092403392	
0.0092913017	
0.0090770416	
0.0090792512	
0.0093013234	
0.0095529343	
0.0098865701	
0.0096209027	
 0.009498513	
0.0096295615	
0.0096441208	
0.0096448675	
0.0096933498	
0.0097184627	
0.0095368422	
0.0096533242	
0.0093635218	
0.0097062898	
0.0095702959	
 0.009561862	
0.0096069512	
0.0094012308	
0.0097632814	
0.0097873533	
0.0097683056	
0.0097986366	
0.0097993615	
0.0097690532	
0.0097940255	
0.0097655658	
0.0097908964	
0.0098021537	
0.0097938561	
0.0097965571	
0.0097598597	
0.0096470159	
  0.00978489	
0.0096046552	
0.0097889582	
0.0097976767	
0.0097890085	
0.0096474084	
 0.009788738	
 0.009820055	
0.0098132025	
0.0098140676	
0.0098161679	
0.0098355657	
0.0098357681	
0.0098293081	
0.0098187521	
0.0098083063	
0.0098433903	
0.0098159916	
0.0098188458	
0.0098364569	
0.0098360905	
 0.009818596	
 0.009833994	
0.0098355177	
0.0098313493	
0.0098326249	
0.0098191738	
 0.009837808	
0.0098342754	
0.0098344052	
0.0098315046	
0.0098331499	
0.0098361345	
0.0098162974	
0.0098745588	
0.0098745331	
0.0098760607	
0.0098803867	
0.0098756574	
0.0098811272	
0.0098763017	
0.0098743958	
0.0098760118	
0.0098743871	
0.0098790282	
0.0098768674	
0.0098769029	
0.0098767039	
0.0098780092	
0.0098788228	
0.0098758581	
0.0098785652	
 0.009877128	
0.0098777294	
0.0098732902	
0.0098725269	
0.0098772994	
0.0098762548	
0.0098721039	
0.0098773987	
0.0098750845	
0.0098739972	
0.0098744498	
0.0098755265	
0.0098765721	
0.0098767039	
0.0098785974	
0.0098821656	
0.0098789773	
 0.009879642	
0.0098775807	
0.0098792891	
0.0098844387	
0.0098806998	
0.0098808847	
0.0098812062	
0.0098798197	
0.0098755204	
0.0098805577	
0.0098768223	
0.0098795562	
0.0098798877	
 0.009870323	
0.0098759533	
0.0098751852	
0.0098727837	
0.0099333582	
0.0099312949	
0.0099344429	
0.0099352314	
 0.009782753	
0.0098826638	
0.0098901189	
0.0097181637	
0.0098855847	
0.0098883064	
0.0097914193	
0.0094536203	
 0.009885368	
0.0097204026	
0.0097884086	
 0.009890188	
0.0098858718	
0.0098847018	
0.0098844202	
0.0098856081	
0.0098856081	
0.0098872778	
0.0098903899	
0.0098903899	
0.0098821203	
0.0098814872	
0.0097923713	
0.0098863858	
0.0098899592	
0.0097245404	
0.0098898306	
0.0098881571	
0.0097903404	
0.0094598578	
0.0098847602	
0.0097251796	
  0.00979238	
0.0098931917	
0.0098867013	
0.0098854446	
0.0098833152	
0.0098857197	
0.0098857197	
0.0098872486	
0.0098868381	
0.0098868381	
0.0098812769	
0.0098808709	
0.0097924709	
0.0098868955	
0.0098867117	
0.0097091142	
0.0098826255	
 0.009888562	
0.0097858109	
0.0094558105	
0.0098815788	
0.0097123179	
0.0097907319	
0.0098872451	
0.0098888598	
0.0098865927	
0.0098886345	
0.0098836055	
0.0098836055	
0.0098870939	
 0.009891452	
 0.009891452	
0.0098827826	
0.0098827519	
0.0097031216	
0.0098839793	
0.0098837655	
0.0098844392	
0.0096914768	
0.0094197437	
0.0097889936	
0.0098821398	
0.0098880381	
0.0098833229	
0.0098821759	
0.0097837802	
0.0098855243	
0.0098893632	
0.0098887851	
0.0098844392	
0.0098822191	
0.0098855702	
0.0098855702	
0.0098880381	
0.0098876881	
0.0098817132	
0.0097829603	
0.0098866179	
0.0098808141	
0.0098814817	
0.0098843533	
0.0096919776	
0.0098851447	
0.0098853631	
0.0098923658	
0.0096889779	
0.0094570797	
0.0097825689	
0.0098831326	
0.0098911405	
 0.009881632	
0.0098844699	
0.0097840867	
0.0098876367	
0.0098814387	
0.0098876491	
0.0098923658	
0.0098779826	
0.0098865683	
0.0098865683	
0.0098911405	
0.0098816466	
0.0098843743	
0.0097868589	
0.0098875321	
0.0098868469	
0.0098802131	
0.0098867498	
0.0096990652	
0.0098878929	
0.0098857506	
0.0098853454	
 0.009688042	
0.0094276516	
0.0097905282	
0.0098793573	
0.0098853906	
0.0098838406	
0.0098818275	
0.0097903305	
  0.00988647	
0.0098873963	
0.0098875034	
0.0098853454	
0.0098847433	
0.0098904184	
0.0098904184	
0.0098853906	
  0.00988726	
0.0098815948	
 0.009782866	
0.0098802277	
0.0098821342	
0.0098796728	
0.0098859996	
0.0096844707	
0.0098971801	
0.0098841786	
0.0098877835	
  0.00969735	
0.0094265622	
0.0097775279	
0.0098839139	
 0.009886316	
0.0098823921	
   0.0098843	
0.0098023462	
0.0098842047	
0.0098875577	
0.0098849742	
0.0098877835	
0.0098832267	
0.0098882523	
0.0098882523	
 0.009886316	
0.0098891474	
0.0098830406	
0.0097799715	
0.0098847151	
0.0098811957	
0.0098793557	
0.0098835255	
0.0098865701	
0.0098865701	
0.0096960122	
0.0098852812	
0.0097874712	
0.0092597507	
0.0098856637	
0.0098815286	
0.0097927648	
 0.009878651	
0.0098854083	
0.0098880816	
 0.009881333	
0.0098852812	
0.0097996858	
0.0098863292	
0.0097828384	
0.0098838198	
0.0098829866	
0.0098833779	
0.0097815309	
0.0098837129	
0.0097820989	
0.0098783924	
0.0098862212	
0.0098870006	
0.0098858159	
0.0098813621	
0.0098834652	
0.0098787414	
0.0096995136	
0.0098869876	
0.0097799088	
0.0092874598	
0.0098863321	
0.0098871073	
0.0097853788	
0.0098777946	
0.0098843065	
0.0098872755	
0.0098813231	
0.0098869876	
0.0097819946	
0.0098828865	
 0.009795036	
0.0098784967	
0.0098825216	
0.0098864973	
0.0097818829	
0.0098820851	
0.0097860496	
0.0098836207	
0.0098853583	
 0.009883328	
0.0098849089	
0.0098846411	
0.0098855571	
0.0098786817	
 0.009703196	
 0.009882292	
 0.009434644	
0.0098837451	
0.0097843607	
0.0098844447	
0.0098816535	
 0.009881025	
0.0098862163	
0.0097916731	
0.0098867051	
0.0098845829	
0.0098854021	
0.0097830025	
0.0098847822	
0.0097893196	
0.0098866944	
0.0098882928	
0.0098877721	
 0.009691337	
0.0098872554	
 0.009782435	
0.0092605396	
0.0098798128	
0.0098855853	
 0.009780599	
0.0098830789	
0.0098828887	
0.0098818336	
 0.009878595	
0.0098872554	
 0.009780274	
0.0098831535	
0.0097951584	
0.0098847189	
0.0098791371	
0.0098791308	
0.0097828264	
0.0098843573	
 0.009785812	
0.0098779694	
0.0098870115	
 0.009881609	
0.0098876186	
0.0098838732	
0.0098843597	
0.0098865834	
0.0098012619	
0.0098899831	
0.0098877456	
0.0096589868	
0.0098896593	
0.0098880872	
0.0098901679	
0.0098856663	
0.0098906976	
0.0098906976	
0.0098047687	
0.0098899831	
0.0098878697	
0.0097948347	
0.0098928075	
0.0098827857	
0.0096636513	
0.0098832409	
0.0098847647	
0.0098878122	
0.0098899465	
0.0098905729	
0.0098905729	
0.0097924798	
0.0098928075	
0.0098872829	
0.0098892326	
0.0098853493	
0.0097809996	
0.0093783406	
0.0098840112	
0.0097941663	
 0.009710282	
0.0098847551	
0.0097885668	
0.0098854556	
0.0098831426	
0.0098853493	
0.0098880105	
0.0098892326	
0.0098836075	
0.0098896104	
0.0098844102	
0.0098813088	
0.0098821604	
0.0097888756	
0.0098859894	
0.0098896104	
0.0098813639	
0.0098832823	
0.0098848844	
0.0097746455	
0.0093381718	
0.0098814134	
0.0097942267	
0.0097056246	
0.0098822244	
0.0097868451	
0.0098792956	
0.0098805482	
0.0098848844	
0.0098864709	
0.0098832823	
0.0098773639	
0.0098866199	
0.0098874914	
 0.009884265	
0.0098824179	
0.0097952347	
0.0098857409	
0.0098866199	
0.0098837101	
0.0098860724	
0.0098862488	
0.0096875457	
0.0098818342	
0.0098886826	
0.0098826043	
0.0094753464	
0.0098803612	
0.0098869875	
0.0098827185	
0.0097814332	
0.0098860724	
0.0098826043	
0.0098862488	
0.0098850573	
0.0098850573	
0.0098929765	
0.0097913264	
 0.009788662	
0.0098849108	
0.0098886826	
0.0098879218	
0.0098821558	
0.0098832152	
0.0097864819	
0.0098826518	
0.0098847041	
0.0099362086	
0.0099362968	
0.0098227884	
0.0099383605	
0.0099366104	
0.0098845182	
0.0096838278	
0.0099393965	
 0.009937343	
0.0099388651	
0.0098769635	
0.0099362086	
0.0098845182	
0.0099362968	
 0.009935784	
 0.009935784	
0.0099369283	
0.0098781093	
0.0098781197	
0.0099386258	
0.0099366104	
0.0099364252	
0.0099367471	
0.0099402019	
0.0098769525	
0.0099375151	
0.0099365438	
0.0098826638	
0.0098901189	
0.0098855847	
0.0098880953	
0.0098883064	
 0.009885368	
 0.009889818	
 0.009890188	
0.0098791124	
 0.009884124	
 0.009880781	
0.0098783916	
0.0098858718	
0.0098773322	
0.0098847018	
0.0098844202	
0.0098740114	
0.0098856081	
0.0098872778	
0.0098771468	
0.0098903899	
0.0098821203	
0.0098814872	
0.0098863858	
0.0098899592	
0.0098898306	
0.0098886493	
0.0098881571	
0.0098847602	
0.0098893168	
0.0098931917	
0.0098838042	
0.0098851907	
0.0098857836	
0.0098745851	
0.0098867013	
0.0098825539	
0.0098854446	
0.0098833152	
0.0098775511	
0.0098857197	
0.0098872486	
0.0098806464	
0.0098868381	
0.0098812769	
0.0098808709	
0.0098868955	
0.0098867117	
0.0098826255	
0.0098825083	
 0.009888562	
0.0098815788	
 0.009885405	
0.0098872451	
0.0098778353	
 0.009881523	
0.0098860752	
0.0098785369	
0.0098888598	
0.0098797724	
0.0098865927	
0.0098886345	
0.0098804104	
0.0098836055	
0.0098870939	
0.0098727665	
 0.009891452	
0.0098827826	
0.0098827519	
0.0098698277	
0.0098823238	
0.0098804185	
0.0098821759	
0.0098749261	
0.0098839793	
0.0098780342	
0.0098855243	
0.0098736527	
0.0098893632	
0.0098887851	
0.0098743864	
0.0098844392	
0.0098822191	
0.0098855702	
0.0098753967	
0.0098880381	
0.0098876881	
0.0098817132	
0.0098733469	
0.0098805088	
0.0098837655	
0.0098866179	
0.0098808141	
0.0098733205	
0.0098814817	
0.0098821398	
0.0098833229	
0.0098727244	
0.0098788272	
0.0098843533	
0.0098698106	
0.0098773617	
0.0098823032	
0.0098794827	
0.0098844699	
0.0098824872	
0.0098851447	
0.0098785938	
0.0098876367	
0.0098759358	
0.0098814387	
0.0098876491	
 0.009874095	
0.0098923658	
0.0098779826	
0.0098865683	
0.0098748546	
0.0098911405	
0.0098816466	
0.0098843743	
0.0098795112	
0.0098844333	
0.0098853631	
0.0098875321	
0.0098868469	
0.0098746675	
0.0098802131	
0.0098831326	
 0.009881632	
0.0098761813	
 0.009872228	
0.0098867498	
0.0098725555	
 0.009878649	
0.0098807247	
 0.009874021	
0.0098818275	
0.0098802427	
0.0098878929	
 0.009870011	
  0.00988647	
0.0098751261	
0.0098873963	
0.0098875034	
0.0098752478	
0.0098853454	
0.0098847433	
0.0098904184	
0.0098734293	
0.0098853906	
  0.00988726	
0.0098815948	
 0.009876194	
 0.009884498	
0.0098857506	
0.0098802277	
0.0098821342	
0.0098752089	
0.0098796728	
0.0098793573	
0.0098838406	
 0.009879986	
0.0098766473	
0.0098859996	
0.0098726632	
0.0098801479	
0.0098869472	
 0.009870678	
   0.0098843	
0.0098721219	
0.0098971801	
0.0098752638	
0.0098842047	
0.0098772242	
0.0098875577	
0.0098849742	
0.0098819496	
0.0098877835	
0.0098832267	
0.0098882523	
 0.009886316	
0.0098891474	
0.0098830406	
0.0098746634	
0.0098851797	
0.0098841786	
0.0098847151	
0.0098811957	
0.0098781517	
0.0098793557	
0.0098839139	
0.0098823921	
0.0098755168	
0.0098736417	
0.0098835255	
0.0098785329	
0.0098865701	
0.0098821799	
0.0098866276	
0.0098856637	
0.0098774901	
 0.009881333	
0.0098852812	
 0.009886647	
0.0098838198	
0.0098829866	
0.0098833779	
0.0098726329	
0.0098823862	
 0.009878651	
0.0098880816	
0.0098765752	
 0.009874535	
0.0098837129	
0.0098783924	
0.0098854083	
 0.009883102	
0.0098862212	
0.0098863292	
0.0098870006	
0.0098858159	
0.0098813621	
0.0098740928	
0.0098761565	
0.0098815286	
 0.009874962	
0.0098834652	
0.0098787414	
0.0098746977	
0.0098720327	
 0.009876446	
0.0098863321	
0.0098756695	
0.0098813231	
0.0098869876	
0.0098852926	
0.0098784967	
0.0098825216	
0.0098864973	
0.0098778211	
 0.009882003	
0.0098777946	
0.0098872755	
0.0098772369	
0.0098698474	
0.0098820851	
0.0098836207	
0.0098843065	
0.0098861335	
0.0098853583	
0.0098828865	
 0.009883328	
0.0098849089	
0.0098846411	
0.0098727315	
0.0098765648	
0.0098871073	
0.0098716939	
0.0098855571	
0.0098786817	
0.0098706893	
0.0098793187	
 0.009882292	
0.0098837451	
0.0098778529	
0.0098862163	
0.0098848325	
0.0098845829	
0.0098854021	
0.0098752774	
0.0098837272	
0.0098844447	
 0.009881025	
0.0098784564	
 0.009871834	
0.0098847822	
0.0098866944	
0.0098816535	
0.0098837937	
0.0098882928	
0.0098867051	
 0.009876379	
0.0098782588	
0.0098877721	
0.0098823763	
0.0098705253	
0.0098787716	
0.0098798128	
0.0098746951	
 0.009878595	
0.0098872554	
0.0098838112	
0.0098847189	
0.0098791371	
0.0098791308	
0.0098718937	
0.0098863915	
0.0098830789	
0.0098818336	
0.0098723925	
0.0098759455	
0.0098843573	
0.0098779694	
0.0098828887	
0.0098824343	
0.0098870115	
0.0098831535	
 0.009881609	
0.0098876186	
0.0098838732	
0.0098795806	
0.0098721458	
0.0098855853	
  0.00987773	
0.0098843597	
0.0098865834	
0.0098802674	
0.0098755702	
0.0098880872	
 0.009878772	
0.0098877456	
 0.009879819	
0.0098856663	
0.0098906976	
 0.009877576	
 0.009890529	
0.0098787541	
0.0098896593	
0.0098899831	
0.0098878697	
0.0098901679	
 0.009874725	
0.0098763142	
0.0098847647	
0.0098751895	
0.0098827857	
0.0098753271	
0.0098899465	
0.0098905729	
0.0098769102	
0.0098869041	
0.0098786354	
0.0098832409	
0.0098928075	
0.0098872829	
0.0098878122	
 0.009877103	
0.0098840112	
 0.009882831	
0.0098736151	
0.0098814508	
0.0098831426	
0.0098853493	
0.0098756839	
0.0098880105	
0.0098892326	
0.0098836075	
0.0098847551	
0.0098854556	
0.0098771341	
0.0098762734	
0.0098882113	
0.0098813088	
0.0098767304	
0.0098821604	
 0.009874165	
0.0098883269	
0.0098880847	
0.0098791189	
0.0098859894	
0.0098896104	
0.0098844102	
0.0098813639	
0.0098814134	
 0.009872804	
0.0098764277	
0.0098847285	
0.0098805482	
0.0098848844	
0.0098729944	
0.0098864709	
0.0098832823	
0.0098773639	
0.0098822244	
0.0098792956	
0.0098704389	
0.0098795803	
0.0098874152	
 0.009884265	
 0.009877265	
0.0098824179	
0.0098726349	
0.0098881859	
0.0098844907	
0.0098779078	
0.0098857409	
0.0098866199	
0.0098874914	
0.0098837101	
0.0098831312	
0.0098710966	
0.0098860724	
0.0098826043	
0.0098772548	
0.0098740365	
0.0098746403	
 0.009876776	
0.0098862488	
0.0098850573	
0.0098803612	
0.0098810084	
0.0098701136	
0.0098929765	
0.0098756982	
0.0098770325	
0.0098849108	
0.0098886826	
 0.009871823	
0.0098818342	
0.0098879218	
0.0098821558	
0.0098832152	
0.0098799077	
0.0098857921	
0.0098826518	
0.0098811918	
0.0098827185	
0.0098847041	
0.0098869875	
0.0098727644	
 0.009933395	
 0.009934642	
0.0099362086	
0.0098845182	
0.0099337673	
0.0099363761	
0.0099351231	
0.0099347539	
0.0099362968	
 0.009935784	
0.0099393965	
0.0099342929	
0.0099337362	
0.0099369283	
0.0099356071	
0.0099339769	
0.0099386258	
0.0099366104	
0.0099376833	
0.0099383605	
0.0099364252	
0.0099367471	
0.0099402019	
0.0099323608	
 0.009937455	
0.0099375151	
 0.009938094	
0.0099388651	
0.0099365438	
 0.009937343	
0.0099386329	
0.0098745588	
0.0097593182	
0.0098777294	
0.0098732902	
0.0098760607	
0.0097608306	
0.0098772994	
0.0098762548	
0.0098756574	
 0.009658762	
0.0097551971	
0.0097641785	
0.0098821656	
0.0098789773	
0.0098763017	
0.0098743958	
0.0097541996	
0.0098759533	
0.0098751852	
0.0098727837	
0.0098743871	
0.0098790282	
0.0098140825	
0.0099312949	
0.0099344429	
0.0099352314	
0.0096581787	
0.0096507598	
0.0096504488	
0.0098844387	
0.0098806998	
0.0098805577	
0.0098768223	
0.0098795562	
0.0098798877	
0.0098721039	
0.0098773987	
0.0098750845	
0.0098808847	
0.0098812062	
0.0098798197	
0.0098755204	
0.0095025517	
0.0098826638	
0.0098901189	
0.0097181637	
0.0098855847	
0.0097840734	
0.0095997051	
 0.008853843	
 0.009885368	
0.0097204026	
0.0096945628	
 0.009890188	
0.0098815286	
0.0097927648	
0.0097721238	
0.0097711457	
0.0098844202	
0.0098856081	
0.0098856081	
 0.009779771	
0.0098903899	
0.0098903899	
 0.009777852	
0.0098814872	
0.0098852812	
0.0097996858	
0.0098863292	
0.0097828384	
0.0098838198	
0.0098829866	
0.0098833779	
0.0097815309	
0.0098837129	
0.0097820989	
0.0098783924	
0.0098862212	
0.0098870006	
0.0098858159	
0.0098813621	
0.0098834652	
0.0098787414	
0.0095209832	
0.0098863858	
0.0098899592	
0.0097245404	
0.0098898306	
0.0097746426	
0.0095892787	
0.0088788589	
0.0098847602	
0.0097251796	
0.0096911537	
0.0098931917	
0.0098871073	
0.0097853788	
 0.009773829	
0.0097784361	
0.0098833152	
0.0098857197	
0.0098857197	
0.0097766917	
0.0098868381	
0.0098868381	
0.0097787938	
0.0098808709	
0.0098869876	
0.0097819946	
0.0098828865	
 0.009795036	
0.0098784967	
0.0098825216	
0.0098864973	
0.0097818829	
0.0098820851	
0.0097860496	
0.0098836207	
0.0098853583	
 0.009883328	
0.0098849089	
0.0098846411	
0.0098855571	
0.0098786817	
 0.009350763	
0.0098868955	
0.0098867117	
0.0096068124	
0.0096763193	
0.0097790096	
0.0095101311	
0.0089977109	
0.0098815788	
0.0097123179	
0.0097907319	
0.0098872451	
0.0098877456	
0.0097905282	
0.0097765153	
0.0098865927	
0.0098886345	
0.0098853906	
0.0098836055	
0.0098836055	
0.0097775827	
 0.009891452	
 0.009891452	
0.0097751104	
0.0098827519	
0.0097903305	
  0.00988647	
0.0098873963	
0.0098875034	
0.0098853454	
0.0098847433	
0.0095555885	
0.0098904184	
0.0098853906	
  0.00988726	
0.0098815948	
 0.009782866	
0.0098802277	
0.0098821342	
0.0098896593	
0.0098796728	
0.0097875769	
0.0098901679	
0.0098856663	
0.0098906976	
0.0098906976	
0.0098047687	
0.0098899831	
0.0098878697	
0.0097031216	
0.0098839793	
0.0098837655	
0.0098844392	
0.0096914768	
0.0093264157	
0.0098862488	
0.0096875457	
0.0097889936	
0.0098821398	
0.0098880381	
0.0098833229	
0.0098821759	
0.0098818342	
0.0097837802	
0.0098855243	
0.0098893632	
0.0098887851	
0.0098844392	
0.0098822191	
0.0097840859	
0.0098855702	
0.0098880381	
0.0097736065	
0.0098817132	
0.0097829603	
0.0098866179	
0.0098808141	
0.0094753464	
 0.009765604	
0.0098843533	
0.0098869875	
0.0098827185	
0.0097814332	
0.0098860724	
0.0098826043	
0.0098862488	
0.0098850573	
0.0098850573	
0.0098929765	
0.0097913264	
 0.009788662	
0.0098849108	
0.0098886826	
0.0098879218	
0.0098821558	
0.0098832152	
0.0097864819	
0.0098826518	
0.0098847041	
0.0096919776	
0.0098851447	
0.0098853631	
0.0098923658	
0.0096889779	
0.0094088107	
0.0099362968	
0.0098227884	
0.0097825689	
0.0098831326	
0.0098911405	
 0.009881632	
0.0098844699	
0.0099383605	
0.0097840867	
0.0098876367	
0.0098814387	
0.0098876491	
0.0098923658	
0.0098779826	
0.0098257086	
0.0098865683	
0.0098911405	
0.0097733628	
0.0098843743	
0.0097868589	
0.0098875321	
0.0098868469	
0.0096838278	
0.0098180047	
0.0098867498	
 0.009937343	
0.0099388651	
0.0098769635	
0.0099362086	
0.0098845182	
0.0099362968	
 0.009935784	
 0.009935784	
0.0099369283	
0.0098781093	
0.0098781197	
0.0099386258	
0.0099366104	
0.0099364252	
0.0099367471	
0.0099402019	
0.0098769525	
0.0099375151	
0.0099365438	
0.0092481997	
0.0097926575	
 0.009780137	
0.0097896026	
0.0093570132	
0.0084563318	
0.0098814134	
0.0098798128	
0.0095947941	
0.0093671148	
0.0096906956	
0.0096979806	
 0.009886316	
0.0096866408	
0.0096826594	
 0.009702748	
0.0098842047	
0.0098875577	
0.0098849742	
0.0097896026	
0.0096872119	
0.0095730617	
0.0098882523	
0.0097734531	
0.0097001127	
0.0097781305	
0.0097799715	
  0.00969156	
0.0096996895	
0.0098832409	
0.0095834662	
0.0098866199	
0.0097051967	
0.0095846856	
0.0098865701	
0.0098779694	
0.0097804367	
 0.009881609	
0.0098876186	
  0.00978523	
0.0097841658	
0.0098865834	
0.0098899465	
0.0098905729	
0.0098905729	
0.0097924798	
0.0098928075	
0.0098872829	
0.0097952347	
0.0098857409	
0.0098866199	
0.0098837101	
 0.009703196	
 0.009882292	
 0.009434644	
0.0098837451	
0.0097843607	
0.0098844447	
0.0098816535	
 0.009881025	
0.0098862163	
0.0097916731	
0.0098867051	
0.0098845829	
0.0098854021	
0.0097830025	
0.0098847822	
0.0097893196	
0.0098866944	
0.0098882928	
0.0098877721	
0.0098892326	
0.0098853493	
0.0097809996	
0.0093783406	
0.0098840112	
0.0097941663	
 0.009710282	
0.0098847551	
0.0097885668	
0.0098854556	
0.0098831426	
0.0098853493	
0.0098880105	
0.0098892326	
0.0098836075	
0.0098896104	
0.0098844102	
0.0098813088	
0.0098821604	
0.0097888756	
0.0098859894	
0.0098896104	
0.0098813639	
0.0098826638	
0.0098901189	
0.0098855847	
0.0098880953	
0.0098883064	
 0.009885368	
 0.009889818	
 0.009890188	
0.0097678568	
 0.009782327	
0.0097823195	
0.0097648096	
0.0098858718	
0.0098773322	
0.0098847018	
0.0098844202	
0.0098740114	
0.0098856081	
0.0098872778	
0.0098771468	
0.0098903899	
 0.009777852	
0.0098814872	
0.0098852812	
 0.009886647	
0.0098838198	
0.0098829866	
0.0098833779	
0.0098726329	
0.0098823862	
 0.009878651	
0.0098880816	
0.0098765752	
 0.009874535	
0.0098837129	
0.0098783924	
0.0098854083	
 0.009883102	
0.0098862212	
0.0098863292	
0.0098870006	
0.0098858159	
0.0098813621	
0.0098740928	
0.0098761565	
0.0098815286	
 0.009874962	
0.0098834652	
0.0098787414	
0.0098746977	
0.0098863858	
0.0098899592	
0.0098898306	
0.0098886493	
0.0098881571	
0.0098847602	
0.0098893168	
0.0098931917	
0.0097627176	
0.0097713837	
0.0097818348	
0.0097564039	
0.0098867013	
0.0098825539	
0.0098854446	
0.0098833152	
0.0098775511	
0.0098857197	
0.0098872486	
0.0098806464	
0.0098868381	
0.0097787938	
0.0098808709	
0.0098869876	
0.0098852926	
0.0098784967	
0.0098825216	
0.0098864973	
0.0098778211	
 0.009882003	
0.0098777946	
0.0098872755	
0.0098772369	
0.0098698474	
0.0098820851	
0.0098836207	
0.0098843065	
0.0098861335	
0.0098853583	
0.0098828865	
 0.009883328	
0.0098849089	
0.0098846411	
0.0098727315	
0.0098765648	
0.0098871073	
0.0098716939	
0.0098855571	
0.0098786817	
0.0098706893	
0.0098868955	
0.0098867117	
0.0098826255	
0.0098825083	
 0.009888562	
0.0098815788	
 0.009885405	
0.0098872451	
0.0097685678	
0.0097816262	
0.0098860752	
  0.00975467	
0.0098888598	
0.0097649937	
0.0098865927	
0.0098886345	
0.0098804104	
0.0098836055	
0.0098870939	
0.0098727665	
 0.009891452	
0.0097751104	
0.0098827519	
0.0098802427	
0.0098878929	
 0.009870011	
  0.00988647	
0.0098751261	
0.0098873963	
0.0098875034	
0.0098752478	
0.0098853454	
0.0098847433	
0.0098904184	
0.0098734293	
0.0098853906	
  0.00988726	
0.0098815948	
 0.009876194	
 0.009884498	
0.0098857506	
0.0098802277	
0.0098821342	
0.0098752089	
0.0098796728	
0.0098793573	
0.0098838406	
 0.009879986	
0.0098766473	
0.0097875769	
0.0098726632	
 0.009878772	
0.0098877456	
 0.009879819	
0.0098856663	
0.0098906976	
 0.009877576	
 0.009890529	
0.0098787541	
0.0098896593	
0.0098899831	
0.0098878697	
0.0098901679	
 0.009874725	
0.0098698277	
0.0098823238	
0.0098804185	
0.0098821759	
0.0098749261	
0.0098839793	
0.0098780342	
0.0098855243	
0.0098736527	
0.0098893632	
0.0098887851	
0.0098743864	
0.0098844392	
0.0098822191	
0.0098855702	
0.0098753967	
0.0098880381	
0.0098876881	
0.0098817132	
0.0098733469	
0.0098805088	
0.0098837655	
0.0098866179	
0.0098808141	
0.0098733205	
0.0098814817	
0.0098821398	
0.0098833229	
0.0098727244	
0.0098788272	
0.0098843533	
0.0098698106	
0.0098831312	
0.0098710966	
0.0098860724	
0.0098826043	
0.0098772548	
0.0098740365	
0.0098746403	
 0.009876776	
0.0098862488	
0.0098850573	
0.0098803612	
0.0098810084	
0.0098701136	
0.0098929765	
0.0098756982	
0.0098770325	
0.0098849108	
0.0098886826	
 0.009871823	
0.0098818342	
0.0098879218	
0.0098821558	
0.0098832152	
0.0098799077	
0.0098857921	
0.0098826518	
0.0098811918	
0.0098827185	
0.0098847041	
0.0098869875	
0.0098727644	
0.0098773617	
0.0098823032	
0.0098794827	
0.0098844699	
0.0098824872	
0.0098851447	
0.0098785938	
0.0098876367	
0.0098759358	
0.0098814387	
0.0098876491	
 0.009874095	
0.0098923658	
0.0098779826	
0.0098865683	
0.0098748546	
0.0098911405	
0.0098816466	
0.0098843743	
0.0098795112	
0.0098844333	
0.0098853631	
0.0098875321	
0.0098868469	
0.0098746675	
0.0098802131	
0.0098831326	
 0.009881632	
0.0098761813	
 0.009872228	
0.0098867498	
0.0098725555	
 0.009933395	
 0.009934642	
0.0099362086	
0.0098845182	
0.0099337673	
0.0099363761	
0.0099351231	
0.0099347539	
0.0099362968	
 0.009935784	
0.0099393965	
0.0099342929	
0.0099337362	
0.0099369283	
0.0099356071	
0.0099339769	
0.0099386258	
0.0099366104	
0.0099376833	
0.0099383605	
0.0099364252	
0.0099367471	
0.0099402019	
0.0099323608	
 0.009937455	
0.0099375151	
 0.009938094	
0.0099388651	
0.0099365438	
 0.009937343	
0.0099386329	
0.0098814134	
 0.009759765	
0.0096831176	
0.0098798128	
0.0096480455	
0.0098763142	
0.0098847285	
0.0096826594	
0.0098721219	
0.0097926575	
0.0098752638	
0.0098842047	
0.0097545743	
0.0098875577	
0.0098849742	
0.0098819496	
0.0097896026	
0.0097892691	
0.0098882523	
 0.009886316	
0.0098891474	
0.0097781305	
0.0098746634	
0.0098851797	
0.0098841786	
  0.00969156	
0.0096996895	
0.0097538178	
 0.009681325	
0.0096906956	
0.0096866408	
0.0096430814	
 0.009657963	
0.0097051967	
0.0098785329	
0.0098865701	
0.0098779694	
0.0097910568	
0.0098824343	
0.0098870115	
0.0098831535	
 0.009881609	
0.0098876186	
  0.00978523	
0.0098795806	
0.0097615932	
0.0098855853	
  0.00987773	
0.0097841658	
0.0098865834	
0.0097647624	
0.0098751895	
0.0098827857	
0.0098753271	
0.0098899465	
0.0098905729	
0.0098769102	
0.0098869041	
0.0098786354	
0.0098832409	
0.0098928075	
0.0098872829	
0.0098878122	
 0.009877103	
0.0098881859	
0.0098844907	
0.0098779078	
0.0098857409	
0.0098866199	
0.0098874914	
0.0098837101	
0.0098793187	
 0.009882292	
0.0098837451	
0.0098778529	
0.0098862163	
0.0098848325	
0.0098845829	
0.0098854021	
0.0098752774	
0.0098837272	
0.0098844447	
 0.009881025	
0.0098784564	
 0.009871834	
0.0098847822	
0.0098866944	
0.0098816535	
0.0098837937	
0.0098882928	
0.0098867051	
 0.009876379	
0.0098782588	
0.0098877721	
0.0098823763	
0.0098840112	
 0.009882831	
0.0098736151	
0.0098814508	
0.0098831426	
0.0098853493	
0.0098756839	
0.0098880105	
0.0098892326	
0.0098836075	
0.0098847551	
0.0098854556	
0.0098771341	
0.0098762734	
0.0098882113	
0.0098813088	
0.0098767304	
0.0098821604	
 0.009874165	
0.0098883269	
0.0098880847	
0.0098791189	
0.0098859894	
0.0098896104	
0.0098844102	
0.0098813639	
 0.009659929	
0.0096607746	
0.0095393855	
0.0095497972	
0.0095508107	
 0.009551181	
0.0095582571	
0.0095551801	
0.0097636909	
0.0097637286	
0.0097673905	
0.0097765143	
0.0097723218	
 0.009767331	
0.0097622169	
 0.009766301	
0.0097675146	
0.0098075366	
0.0098162478	
0.0098153875	
0.0098135577	
0.0094669835	
0.0097090003	
0.0097115177	
0.0093355871	
0.0097118625	
0.0097030486	
0.0094602485	
0.0087905655	
0.0096958581	
0.0093594614	
0.0094642242	
0.0097246245	
0.0097210922	
0.0097043618	
0.0096993392	
0.0097166896	
0.0097166896	
0.0096941534	
0.0097227497	
0.0097227497	
0.0096728161	
0.0097034638	
0.0090959967	
0.0096359846	
0.0096285093	
0.0096269695	
0.0091047522	
  0.00844593	
0.0093491931	
0.0096127926	
0.0096514975	
0.0096137796	
0.0096015258	
0.0093829829	
0.0096256786	
0.0096445601	
 0.009641854	
0.0096269695	
0.0096270787	
0.0096546164	
0.0096546164	
0.0096514975	
0.0096338453	
0.0096117207	
0.0093657834	
0.0096034575	
0.0096137138	
0.0096063638	
0.0096093814	
0.0098865701	
0.0098865701	
0.0091032542	
0.0097083008	
0.0093615972	
 0.008229365	
0.0096117896	
0.0097062898	
0.0093448935	
0.0095922907	
0.0096349225	
0.0096165964	
0.0095934603	
0.0097083008	
0.0093630365	
0.0096448675	
0.0095055562	
0.0096895054	
0.0096110427	
0.0096238408	
0.0093100806	
0.0096080125	
0.0093859794	
0.0096209027	
0.0096441208	
0.0096933498	
0.0097184627	
0.0096862802	
0.0096975906	
0.0096069512	
0.0096295154	
0.0098021537	
0.0097873533	
0.0094200917	
0.0097908964	
0.0097883046	
0.0097965571	
0.0097986366	
0.0097993615	
0.0097993615	
0.0096401042	
0.0098021537	
0.0097938561	
0.0097866934	
0.0097893996	
0.0095864302	
0.0089134196	
0.0097828277	
0.0096159391	
0.0094717134	
0.0097783797	
0.0096179832	
0.0097793308	
0.0097762271	
0.0097893996	
0.0097822707	
0.0097866934	
0.0097741125	
0.0097976767	
0.0097890085	
0.0097750714	
0.0097809289	
0.0096287376	
0.0097889582	
0.0097976767	
0.0097785008	
0.0098329755	
0.0098355657	
0.0095758468	
 0.009833994	
0.0098360905	
 0.009788738	
0.0093242468	
0.0098293081	
0.0098361345	
0.0098315046	
0.0096878274	
0.0098329755	
 0.009788738	
0.0098355657	
0.0098357681	
0.0098357681	
0.0098433903	
0.0097115865	
0.0097024804	
0.0098364569	
0.0098360905	
0.0098355177	
0.0098313493	
0.0098326249	
0.0096983441	
0.0098342754	
0.0098331499	
0.0037140231	
0.0032509038	
0.0045460337	
 0.004530433	
0.0041776185	
0.0080998888	
0.0027123024	
        0.01	
0.0084586083	
0.0091869953	
0.0093069259	
0.0027028854	
0.0064037528	
0.0098249309	
0.0099355662	
0.0098793315	
0.0052365265	
0.0094124778	
0.0028776631	
0.0098804562	
0.0099325632	
0.0098171905	
0.0035108593	
0.0081718297	
0.0029068037	
0.0069751559	
0.0029722643	
0.0061240367	
0.0089521045	
  0.00828271	
 0.002889958	
 0.009720017	
0.0084457441	
        0.01	
0.0058780372	
0.0053928023	
 0.005631551	
0.0080950715	
        0.01	
        0.01	
0.0031726224	
0.0089709122	
        0.01	
0.0025582694	
0.0098792826	
0.0099391764	
0.0099388038	
0.0028062758	
 0.003173418	
 0.002704896	
0.0057833119	
0.0075876995	
0.0099354579	
0.0098781034	
0.0092914866	
0.0074507198	
0.0091547426	
0.0072698963	
0.0027873376	
0.0062174751	
0.0036855528	
 0.009940324	
0.0029366918	
0.0098744723	
0.0093814565	
        0.01	
0.0030904073	
0.0094629343	
 0.002864639	
        0.01	
0.0044606618	
0.0033218415	
        0.01	
        0.01	
 0.003631838	
0.0029977016	
0.0046591096	
0.0091237738	
0.0039216578	
   0.0035759	
0.0056229201	
0.0063384983	
0.0028214404	
0.0092608316	
0.0098777997	
        0.01	
0.0094956895	
        0.01	
0.0098834173	
        0.01	
0.0079522417	
0.0098218225	
0.0070544339	
0.0062472547	
0.0097332444	
0.0098844453	
0.0098746563	
0.0092132228	
0.0029815834	
0.0097090644	
0.0059262339	
0.0099364252	
0.0095374991	
0.0028430501	
0.0043556593	
        0.01	
0.0082872483	
0.0081946679	
 0.003613068	
 0.009506502	
0.0030880101	
  0.00976622	
0.0027760249	
0.0094611912	
0.0049834187	
0.0090204396	
0.0038171564	
 0.005429971	
 0.009665399	
 0.007070613	
        0.01	
0.0073458647	
0.0066149123	
0.0046007276	
0.0086990209	
0.0050896576	
0.0094092184	
0.0097754264	
   0.0099344	
0.0076645067	
0.0031488357	
0.0098287221	
 0.004325496	
0.0098827583	
0.0097148664	
0.0031963544	
0.0094891534	
0.0080799304	
0.0057277966	
0.0030165788	
0.0043447404	
0.0029487518	
        0.01	
0.0098248104	
0.0093695928	
0.0056502895	
0.0076494339	
 0.009935784	
0.0089991707	
0.0044477293	
0.0053844827	
0.0036533131	
0.0034805785	
0.0062829483	
0.0047805342	
0.0033314871	
0.0093810393	
0.0052351237	
0.0034721793	
0.0039578247	
0.0070550043	
0.0047857761	
0.0035095529	
0.0097209736	
0.0093691351	
0.0030967439	
0.0090625081	
0.0099394116	
0.0098239209	
0.0029039842	
0.0091165283	
0.0080942837	
0.0090672106	
0.0085536645	
0.0051445539	
0.0079594376	
        0.01	
0.0066682768	
0.0098239011	
0.0067494925	
0.0091141253	
        0.01	
  0.00982739	
0.0031799387	
0.0052708155	
0.0098155478	
        0.01	
0.0090036413	
        0.01	
0.0099395009	
0.0074517643	
0.0037419716	
0.0086620987	
0.0035799101	
0.0034766048	
 0.003944729	
0.0095631294	
0.0046033507	
0.0041533568	
 0.009652616	
0.0053966368	
0.0032435255	
0.0047977665	
0.0099349533	
0.0096686201	
0.0097775976	
0.0085623859	
0.0074068852	
0.0098195514	
0.0099368601	
        0.01	
0.0090348086	
0.0026477537	
0.0097634872	
0.0065158618	
0.0064926132	
0.0086608683	
0.0028266061	
0.0087824745	
0.0067680294	
0.0058020062	
0.0033904416	
0.0030626356	
0.0060171162	
 0.003556663	
0.0034896904	
0.0027521284	
0.0087784883	
0.0038454688	
0.0099388375	
0.0098757945	
0.0061004277	
0.0036126833	
0.0057495306	
0.0044107654	
0.0028194314	
0.0099342561	
0.0098184319	
0.0098169011	
0.0033275206	
0.0094833944	
0.0099408908	
0.0097615376	
        0.01	
0.0025364279	
0.0081646061	
0.0095449781	
0.0092802992	
 0.009823025	
0.0041764655	
0.0047433656	
 0.008922458	
        0.01	
0.0046732408	
0.0093572307	
0.0094575687	
0.0027154969	
0.0050704733	
 0.009764174	
0.0099356071	
0.0031860423	
0.0046332288	
0.0052499645	
0.0093963322	
0.0062011336	
0.0099380703	
0.0041941008	
        0.01	
 0.009870309	
0.0099389769	
0.0087515752	
        0.01	
 0.003849456	
0.0026166173	
0.0032234088	
0.0046830755	
0.0093528868	
 0.007349271	
        0.01	
0.0084012342	
0.0063919944	
0.0037203471	
0.0065712078	
0.0051004368	
0.0028497156	
        0.01	
0.0099378427	
0.0090499367	
0.0094811773	
0.0031496827	
        0.01	
0.0052404063	
0.0056364194	
0.0053264856	
0.0034375466	
0.0099407073	
0.0082297162	
        0.01	
0.0096844539	
0.0044786044	
0.0026672959	
0.0099382473	
        0.01	
        0.01	
0.0095700459	
0.0099364711	
0.0098745596	
0.0029241074	
0.0035478559	
0.0035926448	
0.0090790459	
0.0083539823	
0.0091058815	
        0.01	
0.0099344399	
0.0097705531	
0.0076108458	
        0.01	
0.0040412288	
0.0042862133	
0.0037036651	
0.0099397625	
0.0098190744	
0.0028563446	
0.0025866879	
0.0070388751	
0.0082147142	
0.0045364827	
0.0092617451	
0.0062754682	
0.0025217219	
        0.01	
0.0037513289	
0.0051268815	
0.0098738966	
 0.009817018	
0.0056466025	
0.0039506359	
 0.009817419	
0.0027024023	
 0.009385641	
0.0041874123	
0.0057995287	
0.0098244316	
0.0083260684	
0.0098720882	
0.0098136611	
0.0026683466	
0.0099400958	
0.0031976842	
0.0088956715	
0.0058351335	
0.0095131951	
0.0040018254	
0.0093191773	
0.0079350049	
0.0039592663	
0.0052151816	
0.0034733177	
0.0096131003	
0.0031428907	
0.0037254602	
0.0027142038	
0.0049043305	
0.0055516673	
0.0083973103	
0.0099371595	
0.0098887289	
0.0031945728	
0.0044553766	
0.0098777174	
        0.01	
0.0030030622	
        0.01	
0.0099360849	
0.0051787314	
        0.01	
0.0045229117	
0.0064905447	
0.0097661968	
0.0095068686	
0.0028866998	
0.0094882273	
0.0068947767	
0.0083661046	
        0.01	
0.0098808807	
0.0063597116	
0.0098201974	
0.0098237881	
        0.01	
0.0027495378	
0.0084862414	
0.0097120903	
0.0097633757	
0.0042197146	
0.0091823129	
0.0098792975	
0.0099366939	
0.0099344554	
0.0061425056	
0.0098226001	
        0.01	
0.0061884172	
0.0065825741	
 0.009663605	
0.0034692976	
0.0040695658	
0.0082278696	
0.0042513754	
        0.01	
0.0030466567	
0.0058667597	
0.0058722294	
0.0099312949	
0.0068817952	
0.0037444839	
0.0097817535	
0.0029313047	
0.0030443574	
0.0047601251	
0.0034655102	
0.0036319664	
        0.01	
0.0048392399	
        0.01	
0.0078524137	
 0.002721448	
 0.009942332	
0.0069460506	
0.0026704393	
        0.01	
0.0099391705	
0.0089342048	
        0.01	
0.0093127719	
0.0097399191	
0.0097637709	
0.0081151743	
0.0033424041	
0.0036489102	
0.0035962931	
0.0089274498	
        0.01	
0.0098767211	
0.0098199614	
0.0083140479	
        0.01	
0.0074462644	
0.0095317344	
0.0094271817	
0.0098237548	
0.0030022175	
0.0097117117	
 0.006439122	
0.0065977891	
0.0029459396	
0.0030951298	
0.0036718419	
0.0036414017	
 0.008159026	
0.0094782439	
0.0028561056	
0.0074497556	
0.0098116807	
0.0028422741	
0.0051598886	
0.0096602989	
 0.009880436	
 0.008638443	
0.0029479262	
0.0044770606	
0.0070937292	
0.0094035127	
0.0029577546	
0.0029417838	
0.0095247269	
0.0095882942	
        0.01	
0.0099381755	
0.0087740705	
0.0098746629	
0.0088340422	
0.0086641413	
0.0081418423	
0.0057809922	
 0.009820145	
0.0097553629	
0.0038788454	
 0.005180361	
0.0053814332	
0.0062885234	
0.0034366715	
0.0030360782	
0.0070470925	
0.0057665343	
0.0037246685	
0.0096759398	
0.0033539883	
 0.008077189	
0.0098788464	
0.0098876542	
0.0097082619	
        0.01	
0.0098765113	
 0.005599285	
        0.01	
0.0061819883	
0.0050662046	
0.0039175028	
0.0085703159	
0.0030157189	
0.0033358931	
 0.009727329	
0.0099376497	
 0.008670804	
  0.00952242	
0.0096210281	
        0.01	
0.0058264326	
0.0089456615	
0.0033911481	
        0.01	
0.0045319512	
0.0039491171	
0.0088635159	
0.0027452843	
0.0098808504	
0.0096632509	
0.0097494256	
0.0098288603	
        0.01	
0.0092286242	
0.0096422611	
0.0090049107	
0.0031802047	
0.0060361065	
0.0099409132	
        0.01	
0.0025859309	
        0.01	
0.0062004691	
0.0028350919	
0.0096623306	
0.0030393969	
0.0084193459	
0.0099382897	
0.0093181543	
        0.01	
0.0099362239	
0.0037123847	
0.0068305079	
0.0091693332	
0.0096550668	
0.0096607271	
0.0048908698	
0.0099362436	
0.0083245632	
0.0099394733	
0.0027970522	
 0.004670979	
0.0076347396	
0.0037536077	
0.0063069661	
 0.008440979	
0.0083329591	
0.0086004309	
0.0034832254	
0.0064912077	
0.0095045623	
0.0038146148	
0.0035056382	
0.0051726494	
0.0098805641	
0.0079097616	
 0.003248476	
0.0090679234	
0.0099350028	
0.0062739156	
0.0070818481	
0.0053308955	
0.0033896016	
0.0036605718	
        0.01	
0.0087650373	
0.0027520687	
0.0094268273	
0.0094569169	
0.0098814353	
0.0095182595	
0.0030324722	
 0.006847017	
0.0099366144	
0.0031859037	
0.0093146176	
0.0082402571	
0.0046184488	
0.0083892953	
0.0032222078	
0.0046887025	
 0.009603812	
0.0098268487	
0.0099364596	
  0.00993952	
0.0099371595	
 0.009878196	
        0.01	
0.0064076199	
0.0056881033	
0.0026050346	
0.0099408908	
0.0084942326	
0.0097712299	
0.0061861329	
0.0076174776	
        0.01	
0.0074118411	
 0.008581042	
        0.01	
0.0098781098	
0.0098233784	
0.0093760121	
0.0098748047	
0.0099361874	
0.0090798989	
0.0098788237	
0.0090798989	
0.0098387774	
 0.009935388	
0.0055908996	
0.0027714914	
        0.01	
0.0066331774	
0.0043914373	
0.0067923341	
        0.01	
0.0031661819	
0.0030548032	
0.0095506014	
0.0055246809	
0.0072541383	
0.0071716962	
0.0089907309	
0.0063840664	
0.0025681432	
0.0075854212	
0.0098744829	
0.0092451141	
        0.01	
0.0042320714	
0.0067648083	
0.0095188793	
0.0098825133	
0.0046328838	
 0.004509237	
0.0041671965	
0.0043854208	
0.0090922269	
0.0081071595	
        0.01	
0.0035038722	
0.0061069658	
0.0063541163	
0.0060866705	
0.0060932605	
0.0036839568	
0.0053444063	
0.0086333107	
 0.009249923	
0.0053237825	
0.0026342027	
0.0085544752	
0.0056874531	
0.0057845224	
0.0077561471	
0.0090930105	
0.0027822081	
0.0030857276	
 0.009669723	
 0.009329685	
0.0031969559	
0.0039970942	
0.0064080735	
0.0051350222	
0.0032637698	
0.0099411678	
0.0040348299	
 0.008241137	
0.0099368093	
0.0083617901	
0.0054107084	
0.0098777629	
        0.01	
  0.00994053	
0.0038098354	
0.0040228499	
0.0098827488	
0.0078409502	
0.0088433909	
0.0036687019	
0.0051464952	
0.0094069176	
0.0029646685	
 0.008270851	
0.0098845264	
0.0028257983	
0.0057330838	
0.0072975319	
0.0040190174	
 0.002911344	
 0.009878718	
0.0086243953	
0.0032010866	
0.0073261997	
0.0099392433	
0.0074187539	
        0.01	
0.0038562128	
0.0096564227	
0.0027831283	
0.0099417265	
        0.01	
 0.003024729	
        0.01	
0.0046538357	
0.0043979222	
 0.004216498	
0.0030217944	
0.0033216448	
0.0048686528	
0.0029396058	
0.0099376833	
0.0058492368	
0.0030933315	
0.0083448053	
 0.009937017	
0.0036098518	
        0.01	
0.0097691034	
0.0076296394	
 0.003497024	
0.0059580862	
0.0032227842	
 0.008052864	
0.0099398164	
        0.01	
0.0098799984	
0.0093889375	
0.0042826378	
0.0096074499	
0.0091362633	
0.0096796872	
0.0096796872	
0.0037978944	
0.0047033265	
0.0036121081	
0.0097760458	
0.0041082605	
0.0073279589	
0.0066434861	
 0.002798121	
0.0027134395	
 0.009654839	
0.0097192751	
0.0099395095	
0.0054400201	
0.0090612845	
0.0084410363	
 0.009937718	
0.0098213036	
0.0026773308	
0.0097846591	
0.0072686568	
 0.004661419	
0.0031337436	
0.0098772254	
0.0099388349	
 0.009562817	
0.0032292552	
0.0059972804	
0.0098812305	
0.0090541701	
0.0028795982	
0.0050411379	
        0.01	
        0.01	
0.0089417106	
 0.007654453	
0.0053164841	
0.0096580002	
0.0054388185	
        0.01	
0.0099398656	
0.0028059733	
0.0037979609	
        0.01	
0.0077203804	
0.0093727735	
0.0030963083	
0.0094965573	
0.0099389001	
0.0054408632	
        0.01	
        0.01	
0.0091104319	
0.0088134777	
        0.01	
 0.004286045	
0.0072172109	
0.0089920265	
0.0089920265	
0.0026715805	
0.0083668471	
0.0068763269	
 0.003084065	
0.0090205214	
0.0030725758	
0.0034816975	
0.0072806199	
        0.01	
0.0074693614	
0.0099385723	
0.0029494512	
0.0062632173	
0.0027964171	
0.0080540364	
0.0080540364	
0.0059708101	
0.0099385862	
0.0036486785	
0.0057557407	
 0.003214725	
0.0030773035	
0.0060875086	
0.0060593169	
 0.007353426	
0.0097136139	
0.0095053048	
0.0099385688	
0.0031073561	
0.0085050441	
0.0029009299	
0.0073658548	
0.0035063244	
0.0031960333	
0.0097816302	
0.0096134861	
0.0089676256	
0.0094504629	
0.0045863272	
0.0030522625	
0.0099369507	
0.0099384493	
0.0035927732	
        0.01	
0.0035516871	
0.0038930154	
        0.01	
0.0090003914	
0.0032052694	
0.0038076961	
0.0066856849	
0.0099378681	
 0.009762064	
0.0027233034	
 0.002760367	
0.0057216954	
0.0082314499	
0.0095291318	
0.0064922124	
0.0091742406	
0.0082234734	
0.0028909024	
        0.01	
0.0027843415	
0.0032450312	
0.0029285036	
0.0099358107	
        0.01	
  0.00740852	
        0.01	
0.0090529233	
0.0025934208	
0.0034699553	
0.0025962723	
0.0097142386	
0.0027922305	
0.0073837317	
0.0051042725	
0.0030601565	
0.0097603791	
0.0029317073	
0.0095304851	
0.0099357033	
0.0030608018	
0.0070212136	
0.0076136041	
        0.01	
0.0093716434	
0.0099398656	
0.0053832476	
0.0055598864	
 0.002517402	
0.0053880245	
0.0098216594	
0.0053360694	
 0.005265545	
0.0073443964	
0.0095341921	
0.0032225423	
0.0058771671	
0.0099425857	
0.0027042433	
0.0072632776	
0.0066478223	
0.0099380448	
0.0070328121	
0.0031882409	
0.0077754017	
        0.01	
0.0099401377	
0.0099337121	
0.0096440101	
0.0029649393	
0.0094940747	
0.0035100175	
0.0095333441	
0.0038220171	
0.0099355953	
0.0094145423	
0.0099381681	
0.0043375209	
0.0064664678	
0.0038263619	
0.0099381728	
0.0035618693	
0.0036795125	
0.0073836301	
0.0080516143	
0.0030992843	
 0.008655365	
0.0097622488	
0.0044314642	
0.0096579109	
        0.01	
0.0028671371	
0.0099411459	
0.0096057342	
0.0037381195	
0.0079970722	
0.0083997369	
0.0097573949	
  0.00290062	
0.0087266824	
0.0037213551	
0.0032791239	
0.0044806584	
0.0087377028	
0.0035377249	
0.0096003961	
 0.003511936	
        0.01	
0.0089759528	
0.0062345104	
0.0096619865	
0.0098790163	
0.0033537029	
0.0027634342	
0.0086785208	
 0.006728167	
0.0070931539	
0.0070931539	
0.0082935272	
0.0049805784	
0.0076891449	
0.0034802212	
 0.004012754	
0.0099371619	
 0.004439092	
 0.003454944	
0.0046507422	
0.0036884195	
        0.01	
0.0075934942	
0.0097007184	
0.0027954761	
0.0026329309	
 0.009872223	
        0.01	
        0.01	
0.0097637059	
0.0037858084	
0.0097135685	
0.0086816725	
0.0029836889	
0.0067699717	
0.0027053621	
  0.00649974	
0.0099400958	
0.0095217374	
